261701389
113311884
193839147
620492729
174312831
161327961
215839284
173232563
171536388
484183645
937365712
792879621
709903573
136933303
124116789
545061298
112662416
848719861
458709315
708538939
267174253
862300651
188012151
871317146
179672809
648449387
281697749
960646682
185332614
174336286
202517595
656131384
728998062
181608375
127662411
324642805
128187738
149246397
205696498
849759948
197664043
846850563
164263569
539066968
983783866
736323811
108412266
109646283
158543672
154237581
116700176
161161097
257654584
899938041
335594595
205482674
154887429
617292344
867545709
125429965
213171561
745238017
191061350
942169623
413838124
103901815
126612429
169517863
384481565
117697279
397994163
213644960
202347842
204033733
752711928
859448061
629473896
183640195
195594344
670343920
123294128
975710872
167895017
148948713
187548914
201489613
139647739
127652695
484198309
116809800
383299012
697369871
862047817
146176714
163939494
127585942
118578530
758868275
824120157
157060095
193565555
122214320
178305055
181029749
111564405
389033335
522794162
174438301
783889882
331204858
181172221
131084011
130615731
134383591
652949076
103580997
120989556
204996815
164150044
169487865
190272968
547449056
244074088
881070785
693625771
188313583
947356079
187904301
494998210
833593236
130180748
282680117
205507557
938302155
209309867
102388314
132735490
468820381
620742968
140525373
800025240
285031541
568825736
210640971
162815132
122174812
994538320
690621040
112387979
115888364
237325258
114310947
170637420
481399346
202481733
252279543
217529281
203354812
213183844
712527492
719664401
128680944
995207609
627888310
768939451
941233828
165176624
140434942
141054210
124635944
662476667
625925802
409667486
123102403
220513125
203782618
305593567
101691445
580920011
142981546
277916161
818245269
425108846
173333581
129944615
301706931
198613125
151773897
187778095
197013321
822127741
907442496
110810618
107725350
153530806
118510069
201859179
103923783
442561363
128129741
116359727
110538030
134325543
157327213
188856785
136578668
146326184
494450352
234986465
204446195
192431899
262782626
715507816
201657097
196716207
205152431
503364028
185445684
134842680
691142123
168275358
147060421
158584620
619702328
397002124
986431778
185512397
268177655
205655561
100590113
159407396
102031641
125628143
745749291
468075206
134484929
211627959
191901390
188935281
199130776
189163937
165483532
461913402
397188105
187140629
311145961
264856889
223021009
216591646
169699569
914163133
167383356
969276343
365264105
129602036
136278467
131695883
195114433
164456122
129867797
205704546
106379870
124415790
103849042
172129161
592490996
340850323
176273472
376908739
820301956
195404248
581589028
177785489
259834002
455777134
147442470
570979963
720634023
160463480
700879618
222849944
457142965
799987669
112126287
822407070
209589705
410921106
263619305
214704139
205377228
126487102
202925037
934273450
130902892
979290431
568918963
193393889
130140754
167708787
202818980
142442711
213113035
261408008
102744552
225463389
717185142
322703374
796443353
147819165
203166854
136531314
160669110
322826171
146518984
705311749
115233241
166108689
116232856
111852547
163329180
104126436
280856001
158770570
198399887
161758894
370577353
369835202
147669135
160718108
537543990
160488115
945677171
503173377
191896123
198421723
728636767
521597618
123641449
155080120
199416783
216808304
744127786
142602245
312150827
435163122
307430347
147384069
169271812
116663203
481752968
125117344
131305991
762608969
596404266
191705878
276884215
966981620
184057433
174553350
510216080
721601423
137557817
145893251
122477480
111197023
256831326
953411567
633567911
380472775
331008039
445501046
369797431
205135826
770619644
161948259
218298948
801049991
991848680
160087112
197713194
143601648
727720809
191019185
887726969
134125075
175241416
365611185
143623047
199298849
210164535
653839127
533416624
120238705
219732378
178191424
254725350
129080056
154119344
188293261
452069184
747643735
116310659
181866615
675295913
196930303
136331226
646111214
610496646
200696258
168714678
410726192
164297906
896435487
224261730
173024876
738076915
199503146
218636061
216699962
181318347
211316948
870539090
197251323
124072005
832787820
195442747
158797355
201867877
132078443
129606968
356453413
211922179
288433980
308396380
647534444
978840635
138767607
129345658
708377282
158763865
146260337
111903474
111478124
211312176
134365204
730219352
284389091
119584702
711371765
501089054
859219401
675205065
137128144
105670724
192977071
569372316
864429824
129090778
210800193
890284619
392714099
317769958
612631507
681148079
348606339
708797595
779028714
247967706
286063321
212486570
168022023
188188563
459025823
143348639
218376017
257484432
873567991
259003030
850292082
226419965
166626616
244215926
219750680
618498560
291705463
227883868
211846912
169292196
222357660
224564714
225394210
233316593
111423905
527773904
194530101
890452620
258738602
346427942
839840733
195258521
689400791
983189373
747958120
344308171
265251052
413495682
170657179
184887639
580122299
756628088
200982092
302625294
196446664
185904177
223725784
710571384
338890971
135040740
273807206
701890396
252608127
289724907
777286668
280398142
771043323
440973238
287468100
143059756
182973424
175943243
241545583
116519696
282794403
290732464
281896723
245572857
160000983
825695156
262695992
379397885
796588567
152359278
240103875
215185408
253869476
288516871
170040838
273161010
255540699
270310895
218985759
238482228
521979287
192600523
292935277
962952525
173285245
184907652
673979936
297115774
837689005
212802545
129192948
725332611
270171706
374765805
258225210
165514692
171494423
214137824
219714389
285292789
417996071
153034887
453259023
333191292
943378662
179291022
279960832
584679913
999729779
192163214
106571867
217387009
545862518
399507144
337177943
251265605
241980102
433460791
293710716
384066071
646263336
263790184
158485526
684859294
412450118
769491505
263351734
230415868
120972628
176282745
208925280
538968700
157739781
218175464
586567456
157302634
634781761
398809638
240828336
233501648
249136019
256052889
144105279
142331009
310756040
192273557
271598606
248322062
254196527
258525944
303188643
278155381
263909417
154890791
963014676
112332393
264818149
658993166
246463353
282099953
270424626
148605255
366184726
292958881
419981387
952752182
143478137
150680449
193080260
542661672
541791041
948030311
187548248
221503999
155765902
231941969
748959253
844067919
281456629
380851298
506265882
277861894
659006676
206148157
881785153
231717336
318480551
588028550
133530874
291960574
415244576
289500465
936477161
781429302
275675968
193779792
247740212
786595095
263738049
938259657
189893823
805529090
269469995
216686430
208573441
829167640
249820997
957532694
239033651
224494248
191197713
224124551
195572764
285341524
238165951
103310858
210275482
556646502
691339409
229351321
452886878
158083426
212068409
198480577
269716184
180960999
598338940
210673017
293331727
862076989
265487134
176442173
238229439
210379295
604416579
268025645
833461095
205679916
686228567
359213007
253877093
289230365
391230800
998665362
267788511
629396751
157425174
171280616
169434750
256187947
656939920
234132875
752415967
305916969
880810523
492945607
180094590
211307066
281093818
166642939
193742804
599621533
254112142
265906983
629675718
858528722
227149250
923414769
152029805
128789674
183232539
693864647
414301023
239122653
241790001
268634024
155771680
647022583
931918836
191687847
292854565
226979822
833261417
149324361
226113413
244867420
219745162
695972382
149391107
194055603
266067565
177068651
206292777
302369300
953345794
219143302
827630177
395906902
309934239
270262688
524696576
227508859
438219815
530615162
159848134
304392832
263569684
182101232
630288760
170784074
469039911
923143325
636863629
186043046
281201979
505217132
868889621
194163764
768146258
273518196
570051926
483135571
143803469
287728767
452237027
279995726
200088691
182838172
208393336
244365011
146317481
733089913
165090492
208920312
180529296
127086742
206529766
218182108
200256481
296571018
575279632
267262182
851656803
173163323
146521851
672587013
183473876
270648940
290247623
293209056
237383758
454301642
388115320
520826948
320919364
840352347
333313383
245934314
302888507
541706719
183515947
996958276
182113804
292761432
311916816
391018060
419848174
251089311
274041831
260234791
240876951
346088803
220713596
390311815
222604580
423164483
151842689
695065555
170223415
947148544
600045303
291639190
200207169
988160623
205253024
246052792
261216138
538566407
185203729
257321267
154324732
433554091
650723502
207586111
726315523
962640318
598604171
163737671
572781851
369413343
820323592
111436863
715502146
217835116
501748678
126250563
640999600
223521072
821316118
811223015
364312402
203051631
495649091
252251798
262038397
700902116
191521212
298650195
177066931
489590948
249188084
172258002
923145039
247556448
379844114
235637223
172885252
978448285
648140613
254711231
192551661
209780600
270630782
294766253
240899903
248680510
294914830
179815273
259046859
863446809
991038289
211097397
137324583
212383911
256559908
399362980
280740936
989084202
342430700
182796338
211239307
298106756
207404624
254336542
186820094
261668069
271971015
199573837
662641126
404454070
147501690
287214679
267559753
779443662
275197554
201676278
146874881
281216224
227364174
693968542
684476733
435103863
724125313
821801316
274541606
372561025
174452042
280271013
194520746
223370713
156283973
692836730
214694091
398336542
947173272
241382676
577705681
703486729
939211950
745170509
158277257
281674825
608189615
833375426
603683795
387088849
683380089
233115424
208118773
241310707
178292862
892595506
303468401
902418175
244913831
271226629
182139885
788077470
244714264
489140781
204188819
659504019
168853930
243863923
151120080
304164397
178463221
162909992
685153865
286795985
269362922
256156380
287527805
346246421
478986443
468894783
733335270
576612170
300100393
941454043
118303471
131511965
262007078
665690445
147704305
200137531
284812149
161425693
290895822
222743035
650566474
245745365
498551326
261791998
278970404
161294597
259173017
150650247
121948477
351881339
156503227
286784133
306425143
960733577
206251704
476478800
204232622
939586975
150441567
197549637
268720145
167342063
216337061
223943845
180927582
400805920
821085995
158956353
562231614
862642541
524412071
173256869
158341129
595633689
897858426
913697087
246385124
564585900
281178403
263806335
916467240
916287762
243807089
913959596
268145905
273271619
198634056
165595150
705004660
296045719
394529866
438562031
209634308
272698470
286595564
586449590
162211566
679771298
242734866
724443180
220344834
532507402
276748752
503318099
671706175
687616047
202430740
248918396
178885992
176825765
299366106
148298780
460913115
236389817
935145136
269086544
202878058
178099885
895288215
303593009
474145604
184259725
416229452
277369395
150174818
274914755
380551707
173347899
954686053
297099395
276839782
349616245
579922561
246805156
852934344
679990783
267768495
122465883
928909179
217138634
194320891
876988273
220165140
195261530
384233348
328817471
157564697
257768536
506917356
285463013
254578168
981062960
162939361
355550874
775165077
310209263
325707737
165102397
179678700
182913398
155418415
149735104
232858576
156601930
628298177
335460732
253743471
896066672
457926615
557629831
268553467
259738979
204945443
258529921
148217132
259835921
305503845
305781829
210821080
497960630
284461464
158615870
211289084
984322136
165872010
106705020
146948249
212401687
180345972
138905000
619721953
202867064
169578675
102248341
185582940
259335558
437709074
927801232
563931930
895635689
212204437
832485397
566324899
772565519
494711199
229120689
443933324
485754473
228119140
274240126
983715103
205797227
882508330
315255045
277419078
291944629
421960065
186579546
197562938
240625981
206423117
286094645
269606990
484528905
300701551
148406552
152394163
395136288
280949585
716326094
184395996
186370644
221258784
265299553
296737147
291931813
187636865
373609710
381793516
762808391
145806949
195072659
391337331
146902182
240109094
333324412
924444036
300389104
234197319
159900955
234231707
936859411
105558796
197055319
203055473
302855813
270749459
224826068
367643331
629390370
142624925
236916472
199215346
241633773
195432648
189169115
226782208
534002946
242541931
281324139
185258762
263371495
169613421
193245238
724432102
720573963
240863011
235553734
675814045
168276952
258396727
167952350
302114011
260550988
221048512
198386107
256623423
259727006
815001580
115665536
272571708
957626506
239276994
165003676
501579275
895483849
331725899
298436390
204212399
289931345
272977151
578814484
246519463
950650362
275933022
302584697
238746332
210012655
278780119
199554723
500543611
230393468
367507073
467858044
184161079
273549523
265222970
938007871
226493151
524078725
954531520
192281482
211672175
481986830
353512462
283326358
196781525
685238361
274979370
659473826
567274133
241173144
176898330
145426728
491378722
146047973
448011425
105835800
344940757
251988612
214674123
845484368
266391841
582181196
187620344
143769542
349544210
146059936
277770667
276428039
220928326
751442543
161926142
880719866
176204196
212427923
716520725
463416404
173251218
493892670
160412890
592024308
242347217
213694892
737451036
525999753
176575815
169351780
541119153
225853066
205350153
755793276
278972186
164958617
191139210
227473514
952942977
241074097
467250508
279715448
210718758
287678398
561967037
461030660
746985010
256485201
278289445
209072247
111329166
281825185
279628343
176317056
417316956
284574205
206844898
164966856
370535542
536461348
192746806
911654695
302490402
232885411
238206853
248921353
637424552
857938796
263033707
651038023
397973831
161002812
461562517
267572162
190875692
146218507
186552152
774252966
671442316
304939753
631925371
782771482
279981560
292524779
288141554
229704229
270315606
188203074
197781746
115261141
264840409
225317004
146702262
260547433
151419037
546880160
296107626
242479687
200688422
252357955
200912189
257541826
275358357
662474707
218330611
279253779
240857751
244980918
581545777
209962930
243137294
671820830
992734412
216335475
572010640
862241643
249150365
316736239
225256591
981041135
431997380
269437482
410776515
208416173
223201538
210101396
286541911
212525786
145797706
180446955
158100363
174499447
918437827
886727402
269138691
299268459
694020213
203213064
287733556
182223712
233207769
224087471
278198117
477705147
935476985
371913812
191420970
532045898
688650052
196018043
216155290
160092490
158672148
274837649
432077001
525632154
178155668
290386731
287616094
120189973
221930773
972531558
191669443
324469596
265608422
154024756
623738056
405795525
353181102
490389300
240194502
283662212
294143086
211609241
315856984
846994939
264739785
236543396
197005834
394344903
880446431
744644223
216427476
284450209
521024124
278152762
369299974
252587686
629806940
235128985
269757682
234783976
172522934
154643747
281136776
919435855
646598218
444211842
189318768
366376984
934601142
859109247
204528821
846119096
192890286
520385805
241873433
292295540
200941524
924671226
292930041
909152363
238473635
258274625
752820183
299991482
229644009
160302879
258709961
242497212
193892734
221684265
170497811
417426037
486812441
144851209
190980270
500008323
208310043
514609624
866385307
245287800
196245553
152987732
155915271
223801308
227328561
637037285
209313470
231429409
223101215
251160619
381674581
154791473
202651866
162070680
160913748
878587483
109131273
789882319
428584322
209482916
194188527
231724142
269115207
681000968
488543814
153312099
168715613
278102017
226827760
292484942
311627911
814029543
970825078
162275024
233155052
414641363
253280350
242621335
290663889
169598188
186998576
268838163
123243982
580069451
200476132
178520031
208379562
216066314
291360362
269605893
831360968
603591933
194546658
567683773
767228387
264338631
234409781
278319668
235657270
154454163
264021232
242017023
270744097
671490058
682560689
304051962
155161631
308039496
239889919
973295003
213603830
840735823
177447595
231210113
202972182
497982445
720627369
731978560
287206663
612666261
471736168
694323967
698893680
261937539
180286820
209446009
219492792
755392561
180982299
148366685
262367386
967541077
585202314
226328105
234147305
181109000
223596690
577678909
225114642
156703231
221567701
923545665
276808349
645623430
394532813
172997152
163372267
159308597
277565518
143795553
246832349
267211151
242984691
279236477
300110560
815416933
249336934
212819975
224401356
864750994
380822974
179985364
261756010
966025288
696710643
189119937
604132501
114403826
271645495
237443877
173046635
186429818
438169159
143071605
278661737
832701973
454983641
946754389
278266022
286850899
279046180
218314993
127683797
215247493
258205918
566818525
174665741
200759475
224387700
249353605
122583672
278790982
857889138
279267963
770078518
222085683
161604522
856383161
238429086
885266474
371006656
732846405
299540906
809175815
247763949
284774817
234553969
257049330
792694462
206036613
237116850
598534077
822977601
255357393
300752362
482935382
266925118
132448627
269750244
184529440
268274837
287262197
156537044
588329353
259746782
266548261
306132733
801975482
574737344
237778441
241034565
945744000
249811850
247147645
250702830
283451356
225139084
178473422
233717308
221184402
544086605
164050781
819718479
195294886
788373572
777501365
264285655
509365752
909949993
227252521
257295976
640390208
207731340
749347501
175531366
160694744
467701684
174880721
275262670
148919861
741130494
209513857
284026147
990942344
149878124
227945599
827618193
477636808
697449505
316155704
698821210
177362301
209215881
216934241
461116668
105401095
148557407
163632609
614766848
151215342
250628608
268355036
242699658
151576570
145386076
780133523
268908871
212200603
286328367
280750606
380359601
597945417
183481085
221058982
226983966
186030818
259525454
269022307
663667627
366644037
585178012
194641262
229740021
292812740
733544879
295613830
372724919
882102287
598120439
622373479
277229955
262835147
890728515
213146235
753398378
272633007
124673523
791813931
178050232
304138870
609584528
232387318
579433864
270564589
263967172
145865846
297140420
216709248
289860286
596166924
269086968
875038298
279807965
192043611
777243833
544716993
180874063
784850464
203831325
193080603
201031991
174277902
149132372
150468810
564485320
256760712
294128551
689158843
441655271
165395405
670647290
150177114
636995418
178583022
797708278
337281979
181559876
730207575
264892388
222968488
189482071
227195978
288334069
162506658
787193478
152225414
240323372
293330274
264346909
961599237
179627499
158595523
238426363
153835458
180091067
598546229
278737206
167436241
183957867
245332068
182337879
279764623
185224552
819333297
151564267
299182878
165230753
184385355
677004073
863378348
249309253
286196938
306266549
290499834
993441536
156208575
951593099
528221494
999288302
654537819
212831533
109197151
252100926
217697377
263032609
877860307
303203981
466965842
292844856
180378470
312041475
593377589
153359715
229801906
904101524
304923982
222201405
294388114
171369586
594511862
776611501
273790623
298329834
154696864
257507079
934266726
201981003
606659009
208926888
146877533
180170975
804825304
162477126
878419662
181223296
200053213
250897138
156167518
209583128
236958616
202688116
254160481
249068363
344851173
177179009
500096421
331835404
648179260
413329574
503204990
733109526
169991582
272255704
673934716
125335477
296400751
229743063
154189906
533980623
923206015
168904662
256453921
246861617
172188871
526113466
272750659
224651623
134909788
295060304
892159611
256231443
190965042
523799336
198516428
240229495
252007486
269958774
287634553
264748016
155557349
369163217
997857542
192214060
641418921
238827465
210119128
568740535
161787150
232146258
157531594
293673724
659872796
750414963
233751963
832061667
182361204
199719244
257139381
201634031
187996170
164185570
151082096
505244845
239014047
299706030
275573676
184238154
293536642
293258506
222059300
197491155
274489112
404788995
220427082
915908034
296654464
866339833
212092652
151658237
343879993
439886080
969840081
143393255
170043006
458620174
262259208
319345825
265236411
298993405
247254863
146449204
156395597
640875071
218627039
620383864
940581101
224250991
272864421
982514907
210726119
188140343
168572294
249938850
245967342
575511995
517996337
235838428
205978832
286092129
564993014
255104545
295047339
219261870
642000963
212192626
284779038
330331772
257813458
243232072
275801962
198284943
580285288
195795878
289838524
301524937
284422144
821967127
218992551
250503187
257783147
860547050
923021065
837004449
462635353
497308813
201788063
980631690
340142326
706884625
835792948
565687182
345132798
161548612
300074325
987133761
468705022
278069985
188209361
125915581
214518679
227609642
216272883
297416578
816354994
199328029
292158137
659826356
488457816
204367310
265865020
267751674
143634577
169840869
563782524
606269930
240884985
282328424
226700231
240984152
535699946
275210920
105092601
880832744
200864458
406904617
266852358
267822318
286374161
148278341
285810258
194109463
483732239
195299763
184742663
185726747
614910909
170117422
279987655
684690597
473909485
548064734
411468672
617544062
181025863
975251197
174830570
805892297
804066518
663231964
345297716
191395209
938442885
450390317
511808920
197010445
508519548
277297438
295966667
365655033
831546810
274993548
246345896
187897007
163509934
870136271
467882635
251354349
294422604
280312577
296687396
387384067
358607539
708156069
143561161
232255512
240486752
568809318
284197235
339990136
744490439
629494951
239965228
240419046
154269324
250410308
268563395
226914973
220924368
257746685
279151407
230533741
225956855
218713925
220830398
578783876
253650102
287670775
190780675
167124684
146524354
487468072
554508751
505131893
170803448
222776697
304417211
731547759
234385050
267634067
153076842
237702147
897129018
603810847
274376495
282430612
209199359
236156513
202562208
250809991
187119820
174930236
283743382
744053078
608025488
197790403
188976707
861675590
178677799
216231090
146971467
199609850
285869386
226187003
271771549
149889456
995262259
269405382
254396279
488473967
293416802
704828201
726176114
903117116
186948435
499327937
732647755
216834058
242054169
151878587
160860671
187825517
175373031
964744730
294118814
262233815
201793904
176312143
549828652
207505500
600318989
225518418
702323809
453921044
144922043
457241009
214735319
287102366
195595040
162348220
350706884
201583138
263037963
153840428
157814322
143203021
225172990
262478287
372775908
225878688
262921081
214114372
748445791
920575147
316061688
659793843
608728209
517855592
270568407
165508123
281484870
346814191
589702140
525234257
800735235
229165206
982475266
156398827
209484194
168295758
184690910
259585178
197093349
986618472
746495596
336870051
284148517
175222884
187140891
214331880
250910528
266740283
244733212
357335845
640273485
289884882
145304241
178428813
399566120
763624890
260074908
222476568
158634154
849777048
747710825
273024902
306449846
247169441
295367592
253262744
760772750
173275124
206064543
305775170
364424851
290246278
329812598
291585759
216686639
356547011
107948546
281865763
533717443
260154433
182912538
716518835
243255937
171434603
280788647
300336811
280523873
546782523
177350601
926622549
927888838
925061426
690313218
176334097
507763870
610402714
859694244
181219517
260475511
154662402
180211309
267912753
196126156
227327395
252715134
412812795
278262682
268136355
238389488
289154875
221507410
421302026
593119313
157979969
231620607
411156195
151533403
205361102
489267984
176869203
216666622
202450974
109635400
906979840
504011858
523426071
216768936
194815157
255994670
170461070
216909786
905958212
921133119
244927808
349766330
542655414
303901065
150121459
272126256
218213297
187053559
260382590
639515323
619841251
781054271
113375928
147285349
263112584
221557664
217180775
932388866
252510038
789938605
948051066
527066463
184850066
210211019
292064145
510172918
159422311
155741837
289791631
288844913
287332282
227936062
224197075
406497746
225053749
374318534
678624002
256227077
401040472
353818485
285621216
145840246
162124679
398997144
293125595
829177200
278557256
203522993
251652295
224283916
469811356
562133485
299579125
194438053
290515803
284859892
267319898
143154736
936728461
250328152
876513901
800570793
171480836
157244425
172438362
628258448
210718501
269384648
274364341
268009997
644191653
559985557
749468058
175271448
958982702
653863579
293725333
761399847
296932075
238594250
183903614
306520062
593667144
133473845
194174737
302631459
303927584
154711257
973019722
916737906
687792222
264219089
245329814
269736867
802760953
776893591
368932874
130306816
515102485
643297215
286625257
607129864
171897538
608361210
262004285
103472782
180317827
248946241
776181673
170466524
180757113
960085288
170203209
192872769
156222733
403161980
188720850
153366939
212305826
146582029
284329497
185145513
285159379
222875933
273515347
651392958
189541479
136056659
781699774
704643964
779353874
640592926
187396261
283233806
178422019
998320181
285345496
363695279
593460222
626116499
222422993
265537145
226600255
600899768
151626536
532277272
143437392
234948065
229406550
342718886
381530094
206952669
369168245
230162099
861316576
136292031
881555057
150122579
272348690
237607833
250786002
150243223
156364110
919792201
886855564
200759749
274016054
736790389
252716218
364088957
194700984
168355832
527557289
801625027
254198656
162393012
190557471
635968699
195957021
792264502
978687585
250461320
654146787
192550832
283341620
954766117
212021123
717462753
286517739
250928078
233233936
230520363
660715469
389598046
385951098
221081576
256416613
156579832
136877774
202349453
520668789
214254951
447453353
596034117
153926042
555522128
247540743
212546906
715329003
957000706
132609196
242002369
562746303
226058737
894388770
398653999
168689265
231052984
159445250
148423625
283935648
192764384
505124277
500781357
248421247
891075375
292621770
198054482
149665029
264225612
655343904
224046285
219647311
157542465
118121262
241636746
168879651
249951381
147400273
271069509
559176727
166344444
206288500
160274718
198638549
190924627
217225289
423811056
421977611
489210133
208968062
262043499
262651545
281128673
762824856
204289415
711492440
663693598
668923641
251306806
701440114
189181077
168569713
640413522
279581154
170980351
254706409
208819816
799038484
667263136
173105947
194030744
261667749
508277489
332654593
153522921
699202116
264747374
214067358
160168532
194958107
813764294
197603318
290502704
634181360
306578297
188008741
192239114
662258032
283569261
957337800
194814020
165966961
305332256
207883684
205907125
169529230
155806716
755604949
283677585
251130021
281049511
170924951
206014392
328140423
218447036
369277550
146763219
176411032
266821293
508922824
204262190
534029702
197751692
187981516
166887294
197546611
484448155
366401215
292154901
321949337
189105573
180185544
211959723
187654452
569000953
777584297
352802129
237092566
219027035
191061578
181439209
193293168
198219462
564691566
240170372
769181842
933969116
561051495
286294152
654234524
562090113
183772964
169752032
278050279
454797720
208991641
168813512
939245875
575392856
154185035
180170744
271304553
193110409
597429628
152175627
762111362
196430560
202575931
274275680
760719524
229870442
220621449
301967386
849145686
301291673
235354380
231189646
895527181
427339556
210700421
221394529
623138621
613830054
590542284
422006930
152661110
799533926
229100216
286839092
196418111
535513118
160226459
160939286
728623528
245573548
310245229
212962127
946545119
208907466
252144367
243894949
923961714
165982438
239078957
253301057
160490733
167649959
177707325
288423187
176371174
571370581
203034338
265390977
169314376
287397522
132260127
106344762
663832934
247994520
302031201
291251388
123991115
155474282
145407296
852614643
659851170
151738831
195865885
229485184
377040440
280125208
166596755
185857450
975269876
692246338
926625907
299815001
266542293
161654780
281454810
952910627
594464121
177705771
663163824
254237822
158319915
795423951
269429931
253153191
383901947
264677754
237621201
507893062
793580611
533715836
194358243
207633111
227983951
222339084
912344423
281846871
195680914
296931672
160920943
197552627
623284398
293296073
148773989
341596802
296595150
302708237
184929632
523146527
173630630
279667322
155327635
176170174
605611557
291619593
278320359
989513504
249513969
209158182
213915223
392694751
285403301
710430624
263732361
206603874
119320567
610987307
181667368
212726709
542025367
250634534
240948513
166472823
156223400
262201940
215272366
594340642
258126799
653930350
608052333
874818367
464117956
763379969
150141220
152818501
657233475
851747409
294177573
256347615
168371038
201309419
649042366
130973521
302799508
347685250
209276804
640034360
958672558
589125556
225788635
214385417
839760090
159953770
518524043
995983491
807606328
289347230
154412756
467010279
531877313
241277375
191689806
995995269
304837952
245333540
295103540
962071427
156725849
282497735
174059863
180778855
177023777
266780201
183451784
173039907
473641070
601616470
186101833
146619366
170106003
735749632
379549846
290071731
265060860
898073889
879001960
515548705
776020852
279984465
982558985
186842595
214478462
176903983
156409786
258026741
422237523
522556440
620774971
217045496
293162153
262742001
637286811
163402551
222738824
274492757
207613568
232404969
375582124
215760914
505686704
223760593
690146702
885236550
207048945
279145487
254758634
180860932
322083469
411847643
305821741
186377493
245677972
213516826
211649491
268022227
164760189
271969137
278686644
253442328
182231255
265065419
209400951
273272228
851792153
877494789
240981607
151343674
356845925
294636196
422248476
862532629
211613411
520840862
249681311
783152851
327375626
197656567
964013783
649459096
256491945
957282324
279157364
195386539
304416458
184023477
156625388
208248255
149209236
899700588
154907205
172599792
607674878
402673450
297929341
208495290
182881177
232127570
371389106
233859166
219980388
793637582
352063146
873672952
187782634
299976046
236689400
234550581
190849235
473355938
143829519
983904616
204376894
299704438
204126744
247864960
176944537
185786352
149329836
135592768
369049842
304237041
308192560
660396285
384849095
246214301
302837616
237859619
267301042
343768775
164935407
180498052
162486622
215230142
305308474
304401153
208422810
235214496
278036460
647420677
302836773
298583534
233046470
200430289
291504595
262207433
990583100
161665754
988472855
290841708
181036149
148742037
288295371
225063658
243084363
255433050
260237129
239138602
274350055
220754793
288248427
927514589
661286274
143951671
286641938
650961946
187437550
249371659
149979772
158690632
245538643
122353537
150490789
268123419
217909366
946484042
223547475
368465016
296877760
405821533
256873326
171130531
206716542
127457281
625875679
143017527
382890331
300051940
527609262
155857069
263619356
397864605
154767379
359138121
200789472
195716228
144300009
570105511
968131562
165725691
240134277
173381457
183204768
586891818
943050494
660315293
219053694
360399172
146968615
209148076
766220705
183664805
514466607
460269971
201872988
162906040
152410792
256571606
205770603
227783544
278836902
162606581
284621345
887746326
213912027
178627439
110276275
360000614
260071083
154058262
217154350
193421982
144594395
655030183
277263670
155377841
187906496
189533986
206863437
196642137
643290795
467467826
211756538
165393914
132533971
747923040
150616040
171344217
396440640
227287181
646410681
200815308
581772692
491276448
155508805
297022412
248809788
171262558
291673854
202097493
129762099
258822044
621152686
274356494
319300844
414514734
194571626
233520902
248750377
662561796
261612636
237059789
729342915
166585797
199259598
861876886
273431946
220776176
294469486
162980615
988959851
560213438
363795923
224390363
150212841
207479651
214629397
645674760
503711820
256297091
294336745
633473920
208335756
534026256
907830414
253950163
948540990
122348150
180687687
542309985
784909946
948618624
779369774
216321837
302102743
186923226
228646100
268751311
224590935
142448857
292034256
413612753
702662296
260552072
283477899
250593169
244701375
191323918
252343295
483964621
985863420
165216865
702611723
296730070
699243122
230063162
296340173
235397730
247541469
170244482
298273143
370216586
305761428
821980224
269209921
301080794
848683542
301873649
263048727
273336444
108080757
248299606
686949197
810743053
285521330
523810845
417411588
223439328
266154039
669754883
233316157
701458049
834971749
188341174
998188119
219173553
256969044
925085683
147787905
197727135
302399580
153875112
250615219
301377630
271300858
213041762
295675046
600305903
208132033
251940395
873642347
223572141
193456623
222941649
228264398
172194575
297771769
645675986
621953680
257142431
187918695
107683131
353971420
143029579
296024306
193165648
219590548
299258231
129761574
424165529
190201988
693524909
214470187
938236811
428643271
178987667
282045500
304422868
264745654
248424248
249579886
579378277
165213011
953771920
305709974
197822211
570864847
296698366
290061638
633603983
247057419
171196955
741287115
297624764
171613951
148187345
184007035
590947854
984635391
202544402
145016197
168565664
216697972
368921050
158114639
225445794
231690675
198406853
223085284
189652950
980334064
165881792
272421276
305260735
302134923
271347872
196299568
303799252
261262860
179577828
612715104
201536901
307939838
193428888
192378287
215605356
243829992
487213610
300026478
175495054
272146347
967815088
199575863
182060941
190962305
356349875
705063499
811087215
249313978
119176842
305522553
578048266
182907055
271160451
567389764
178258600
235724945
277355249
175274474
190204427
150149698
262805204
594705649
194141104
149450714
277336237
720741581
184283570
281083624
673443286
370966726
270370842
234465482
252571110
187578713
830510864
303478235
288302070
234514011
246008835
305327333
233253186
152626470
181451010
197630258
720016234
370483630
886002780
514019329
228200707
489650854
223581031
184222533
664655771
776571305
188229087
458525786
213901840
211173439
739609410
162907668
264168686
778233816
237790128
209956418
298754972
347558114
206651276
280273665
284165170
145876733
278817620
210634978
167680515
153485252
710373013
270539977
206411485
228053684
260315521
894801707
238046559
260768963
258130565
183498038
454470400
225104882
642023824
278826183
243331280
197376176
282150830
200716588
606786747
213157580
727227400
300524030
262808739
184118788
274014317
240190531
149634260
246048559
144042131
516038439
649253039
245523990
281071373
299161920
166794297
562320437
841451499
686402348
272244890
878327294
869900387
212700987
157633168
215989173
119004382
659267489
746073798
284579491
294897658
758457202
190953693
644027359
714641768
146979054
670330043
485258342
562703454
245395694
420802277
224428339
255927091
709367651
163168952
230215087
656017443
162259100
241691014
213924134
848661448
207152526
228312589
245508833
237538382
190249252
154714628
239967043
284430322
261296599
217763155
272544601
440049751
713534294
404355924
164955931
248912524
153526566
234278551
157607480
644972183
242866353
246943694
288978176
261948476
723304877
271497683
917965919
885563977
206405320
267951213
247746489
747421280
496263802
186471944
262706307
261144081
240822364
277496515
238791024
295699794
188476292
204552248
362464665
290409763
262317380
216736597
232538910
763423983
144231771
255054264
201199452
562203223
195214580
242482048
824151699
298543848
207196354
248873945
827887267
747728072
287152690
414629045
213592764
358848986
245704665
251122237
275617342
280107860
221835374
244415868
269024276
724698022
995293172
687056664
610082718
684031187
230758162
632600087
206779310
477445887
267964470
708367688
148521301
156395672
258258382
266257258
148156142
244090409
208347825
266425751
308877287
188717137
132125660
257718091
239981278
264579759
202056950
245606122
237904241
819762623
183238612
200145140
220637235
130479811
214166704
345926035
814510998
966990421
682018092
114482521
206348044
281883206
822850209
336601770
920468506
154444084
370432517
279651643
642257807
215907672
239294016
951135094
684890025
258169111
607678086
217275325
215965492
288868105
276645454
147086356
694355713
153100688
283136825
639328970
171740661
254614822
688746975
288099375
601810531
195823582
304454021
292320977
150656674
806544711
235364962
941990888
269664757
288283893
752068742
382427462
257091086
279643212
190508936
337043981
298118141
277320091
554319306
207300255
259404819
343353838
333222635
362705798
202151236
616359460
454038508
469759639
251179570
552430933
338971620
852990101
748254515
322666121
751753292
769776898
161315833
987118254
244538255
869380487
182200306
316352881
178829707
927556104
595996093
437886858
180657155
535339435
231643853
259845627
283777317
292496798
103527074
172180213
262699736
204264034
788539673
716738244
271372554
148531320
181309882
637670957
270387049
288203384
413761972
496978989
639716943
220424686
212013891
204001081
264869644
612015743
520353962
216668227
219938835
159478579
279223493
656688284
235955641
271072599
328124028
212949581
298028891
342913610
237546754
201418331
253251692
303883306
918156575
217840868
191943221
278894728
230854561
155546892
293895113
289963414
226543890
549499092
203604723
922420831
753500174
241443243
219205224
181979162
151328093
926524774
242720544
866377455
226173294
270630004
905102112
273048155
176796207
843820707
106767048
752917087
149319862
268504128
150971484
280485087
179561618
252919296
286176816
725429614
191678220
273288552
607689870
780071130
315035312
290417561
243213137
152647926
225077426
155634983
194905974
487354992
287995665
437626518
193390349
207385581
184552905
111350912
173650358
203160908
955171619
188902794
192918593
285772951
150623544
154908599
259474660
163812491
191039927
238868099
889242105
531543383
205373273
213847425
187373501
250378317
197481608
866622826
673700063
810429599
279438244
868606037
185397798
260650532
186604650
504033390
161252735
212969351
615384302
196838014
765428172
224365131
217022510
792987971
203354704
426038734
268192594
156045986
589851225
152449143
616914953
211299047
228383912
293503980
828541658
762818254
237098920
444004883
232777297
185908858
873858868
205432163
150644985
169118677
159299318
213263803
528193201
674665110
243435609
163368214
293218744
321993789
566649778
258910902
159283108
284304672
636519821
844846277
934970969
680782628
273141468
221697988
607223239
194742003
208418591
840933970
303716039
971138935
904363239
229709958
165292541
254031729
898511210
448553287
257483131
287658062
277342844
183091471
301426738
283056015
189524139
255722262
155902250
270474107
295442654
181554858
247995402
565770366
302247183
523455137
692328963
268605274
296477294
704721274
156563899
198112507
220807892
153496561
210442839
302534835
534961990
195355804
297250991
204781885
204509953
247950744
185656569
244130359
274106669
180299929
220402997
156847430
216831681
242674747
843767117
205490957
822123592
432251284
207140433
790370231
955706421
306044571
523123505
883563833
699549625
231295829
122867737
684048554
546063082
333310576
400256057
154432153
242971601
333529352
367014625
984887235
295597794
238087230
546316106
262921085
781226474
298448155
790895964
151564596
234339523
233523297
227143042
315016611
295273480
892500685
157912406
875137139
887329036
232644335
251242996
226696951
157156786
268795529
240657126
235165797
471769459
297836563
579702010
252599549
270901645
946716636
605600434
192602562
465843602
164559505
290435737
178152868
156224282
676462478
199804953
586462997
163641911
841152322
901479608
581508403
247664715
286695207
958209768
473498396
212556164
569427092
294339579
440507005
303512153
228213327
298095370
370907790
219266512
518885953
305586376
257966747
209371798
597221424
285481399
275920884
249876852
269133758
147290374
695224294
412915140
282183645
183098184
576557051
160476566
249782757
659629680
709505326
291792814
231119921
169000531
197565600
278480244
156556733
260495172
343295045
545906778
251807164
714202836
297253195
134052458
705823825
248436564
228522149
186149321
227134585
197659656
904699566
189484965
267166564
228560551
248472842
549350209
734127504
168383303
238955168
769810755
828012983
234707855
664876809
298368784
202530225
292548002
338151676
366125062
246259796
681446722
912031840
191283583
199378508
845320558
210433934
300210483
436892861
925208939
179576426
289547851
161342883
698294247
172249438
428509448
230596394
797572322
977859657
200818619
965955625
503062186
970629375
256281229
737770041
233643740
298905341
391900530
219408364
283005421
374123032
158884782
964452143
183736410
303694911
212618053
304496490
253818921
166607789
420884645
554457742
203377539
300235956
715800626
205413382
215140289
163472867
904584792
156070702
303167104
157914773
160289475
477748269
296576112
768511288
173645472
223436474
713365033
174788040
952430226
996370455
228234187
294946243
280117514
736310538
220834968
181699028
720302322
285366774
192564793
163026709
404541513
230886795
205917560
160048877
906617596
799921303
117168565
258743198
955992005
642982543
769122152
296859761
569602918
697671291
699045973
255017318
114242967
201773000
861153862
152381884
261297813
311309527
983813249
522457348
149660009
172092602
100593768
252560341
150675998
293158561
761625707
208467643
272766589
388954874
432131993
668500076
855486285
549300559
332218816
258782612
641155208
157334424
248858996
172965446
257001751
293575300
848395707
273322175
243712329
244221367
832444772
281040588
288694156
259465431
291702983
920995515
873422591
306073521
541434255
275450654
288189565
186151423
177134919
350504315
194089277
238868061
718572121
466393074
517253366
150112991
268300838
715048546
227764642
210376457
275115239
257665788
252315785
626718732
224204585
189244736
188784654
254393223
163501947
435120721
295807320
148421552
983155618
796590188
147711695
217798553
577261120
188881633
680166187
259600793
196034782
291255875
191685476
298687943
300774101
202241667
994122890
262291562
304391459
998771149
165884641
272723320
654948020
779919341
388298328
538275290
300661785
577082982
331289693
157380354
639243085
254457290
305801906
231771243
150149639
146730224
999504928
232615514
201799356
239953016
185432929
224863262
224425514
492345192
216767827
218416237
272576694
364014031
173924422
270184776
194683597
231179796
236124718
288247600
144442733
291595908
299232810
968247988
470770694
278435716
295701495
158573397
532893007
294720024
584928835
226277212
942668089
226347680
152109348
163495349
159517318
215312295
571026633
540116182
707657487
298343060
295575692
468210704
304931805
162716736
212020491
238245283
195742421
266413360
219709505
233812438
251225890
212158937
171722918
573077967
251935468
160641035
170268865
148957637
148577681
253830128
247556874
283244550
173394430
650179912
979695653
182898596
865492208
221531755
723014779
224735670
213091437
644560978
291622914
256653123
254796875
105897243
188115029
143755919
281541538
707288094
177157695
225984050
314419056
294680650
237679519
258352183
202738271
708155048
279631846
311728017
337482297
220405342
146956225
221606187
318735634
160950268
247734558
911025870
529890517
309673037
336691918
288790082
954234015
230568669
238659828
590328499
336465912
839940352
228088561
159773030
221032635
689240155
248808769
227449350
983920805
179704910
179018156
255605055
280869916
151866623
567333072
156088067
458420117
714289297
243904482
503953780
262991596
184855662
202139950
223348046
229094667
250238795
681764832
410413040
283177176
252573396
142963077
171222502
460470476
449877823
330995533
286814131
162731139
296093845
207480104
303291254
169015376
558004173
231160191
143101915
231581505
798493263
165400210
297070094
216111794
717649204
435960790
172320012
287376977
264420063
204226876
209688266
207875480
218140444
268318700
184269278
163930462
731488797
208729636
229711958
168766660
256014712
209742712
173000951
245325179
773076067
148556088
752900246
190154320
379716279
250659093
804667133
168315649
764931482
736674144
543508456
211797240
167519276
249964077
192390839
876091727
147407576
667070095
183736441
411352496
397817353
210517341
222695104
161329450
787245198
145623685
163189122
431864537
340081133
336190074
812001005
159022457
484746162
754557391
296753793
864462441
361687397
157345846
291810283
160945554
262585010
438696792
461715918
863246357
286731830
258350256
248476869
153259246
328038244
274724932
212023888
725855597
178458895
895549303
265023106
290922495
273559299
288335838
320838358
107512584
207057295
322495503
174381397
691803457
153864699
216774796
222323699
205534327
471360856
207350605
417875523
161972279
270021575
879591441
146459805
275873245
540559589
617073072
856443793
868597833
392663950
193127364
227779061
234553745
155525238
186018789
218692862
856108119
167571250
264526914
963620703
197150863
186901771
257647880
295979929
157679021
222032916
211520250
395009791
289370182
784612342
812885314
280559342
527279722
241782393
152185506
310908792
598868872
240338802
166764655
954150530
296433652
194354278
401120312
224204019
301672970
243321691
952794529
165397298
728766945
656999279
303057398
301260427
683699533
525524265
290456978
255350382
223565057
195193850
244851761
206151861
170796801
847864137
211877562
530765371
392857244
400957830
841674164
478409941
297618492
287003821
204651495
287268765
174574721
261954397
204689407
217670860
198492711
238136731
533993462
302602274
895136010
507911607
297079323
225547934
518636592
280752923
174114939
297655999
169163396
179111914
197024482
169661345
300235362
714830666
245484970
347021133
159398356
412585308
825431074
150233470
274128410
110507897
915032007
213735923
277741240
200374209
872363835
169450572
438510940
200908185
165269469
190520993
273466986
155565414
764998846
285421848
906744720
283400488
221530196
298698356
155729024
228671653
161576323
149181009
168048592
701945410
198755456
183405298
159218674
484649361
187987735
198379875
179743520
157574249
737326942
303418885
186199136
229955825
166086080
248843556
868564426
172005201
928068196
635349683
180137586
241866720
920771531
141569232
218483831
163185961
301587524
472006343
595519653
156380469
216610486
763568246
256658385
760077954
292486476
763655767
829313577
615365961
236731103
144151014
170132738
742158189
985505651
346839470
204365318
306083783
298392051
153275677
172629768
869328911
244039918
204798981
414912306
481567311
207688149
277757017
231981291
202492295
268821818
503335308
364625708
255013603
835473290
673787093
397689530
735394978
777406524
175286158
823304401
782237771
620035906
287747652
217770851
153440315
213589389
246965897
153529539
154850105
654207376
178190935
146311288
215003156
533445770
205584474
696570468
283894688
176558113
172955859
179603605
214961230
244860903
231692992
163191455
154333456
233657386
220004246
259389881
265524582
619549182
491549925
149680336
708125740
358299844
424674667
254601135
571889233
291662602
709431078
726739338
660159675
279538232
250131193
875162831
342729746
148932289
224533328
182508917
130949179
249241308
205676308
233668256
284221437
914101459
630534338
922400608
402219518
161562884
590646132
667744100
642629594
154599436
245072350
192965047
205785128
305740160
985479635
287483590
306590488
242130102
591640825
658809447
214884955
195075532
219138896
263846348
176800223
958221930
289919050
195507248
555427440
188811980
856744887
397493854
618111718
212468460
188556351
490521192
215765662
272934370
165466470
269773567
845253003
726288099
193751559
138265256
718985573
194256904
155170407
717635345
269881088
594807568
196634970
177982665
789883100
762933422
945319448
289640665
245879336
827269153
178364536
129099145
719979032
300756663
526592999
628397301
206441745
263783923
580292235
807968207
229934915
248365361
813473790
307313764
317361980
155757413
445579020
148049650
216507963
448745763
250568985
300810797
149079047
982944042
172010084
261919490
249411066
934713355
244776777
188507024
829175548
814505551
206949759
830644917
772318544
282177330
920415960
489489798
239177875
214386885
877895321
162329412
155968868
241624158
206231378
201306293
244802881
269885524
298007961
275732590
190460788
293141551
269760009
176287731
887451253
944907014
919966903
485845069
946813409
485920700
257913462
253712708
185775178
158079843
459150226
296106399
934316570
197080883
306095987
461078049
732790734
873083582
228197705
260653258
416969045
893519941
155176174
304369887
635234966
197748739
273319100
825695754
184106912
236295731
294244267
201011965
451493486
832193128
514561064
199758127
188301975
172471655
146687457
471056431
182718651
212280347
396317578
461044367
718044969
391505839
526941531
207262243
180655631
303475066
161132123
240222638
870361762
466721045
237809147
215085246
207273659
204344869
183808834
592180356
937000558
672245413
620896351
198356292
928228188
162208202
639317291
692008576
186847010
238018499
569914800
439475982
143515468
966232378
505339464
246093321
193962602
147468713
146572186
474843991
144160402
315879529
437021690
268497796
511846692
239083263
176799665
217719510
956513281
203058070
302316703
270501977
216777364
589629631
162074890
298186091
246441006
253405932
397044459
885532470
184641053
966959259
189286921
149612004
276170234
261478273
267466464
163349458
715145263
750786908
231184314
246324011
757233429
232458429
208038429
830354385
164758315
546383018
206907308
301403069
281112787
175640588
265121668
191106773
765270219
842892265
233704786
342873618
469250144
290425423
175486584
251676788
852453574
405930892
273049931
638161564
621566127
233733018
254515396
803940424
239434387
178916332
380724855
996667816
732139685
262427694
261003171
269349698
235893234